-0.17 0.64 1
-1.92 -0.42 -1
1.24 0.46 1
-1.81 -0.95 -1
-0.58 0.62 1
1.09 -1.35 -1
1.17 1.69 -1
-1.74 1.34 -1
0.06 -0.24 1
0.07 1.62 -1
1.76 -0.30 -1
-0.32 1.32 1
1.79 1.10 -1
0.77 1.16 1
1.21 0.63 1
1.07 -0.51 1
0.60 1.70 -1
-1.65 0.41 -1
0.08 0.19 1
-0.69 -1.03 1
-1.84 -1.47 -1
0.58 1.92 -1
0.07 -1.55 1
-0.75 0.63 1
1.24 -1.53 -1
1.27 -0.63 1
-0.11 0.58 1
-1.66 0.93 -1
1.92 -1.63 -1
1.55 -1.87 -1
-0.17 1.83 -1
0.08 -1.07 1
-1.22 1.73 -1
1.30 -0.36 1
-0.15 -0.05 1
-0.78 0.04 1
0.17 -0.03 1
0.02 1.59 1
0.58 -0.57 1
-1.45 0.94 -1
-0.32 -1.11 1
-0.26 -0.95 1
-1.94 0.67 -1
-1.85 1.31 -1
-0.92 0.22 1
-0.83 0.36 1
-0.17 0.53 1
-0.92 0.75 1
-1.35 0.88 -1
1.58 1.00 -1
-1.06 -0.65 1
0.33 0.53 1
0.29 1.89 -1
-0.20 -0.69 1
-0.48 -1.16 1
0.89 -1.43 -1
1.33 -0.46 1
-1.34 -0.82 1
0.73 -0.00 1
-0.01 -0.69 1
-1.67 0.63 -1
0.36 1.59 -1
-1.58 -0.57 -1
1.17 0.76 1
0.93 0.65 1
-0.91 0.20 1
1.46 -0.75 -1
-0.76 -1.48 -1
0.98 0.52 1
0.27 0.88 1
0.15 -1.16 1
-1.98 -0.89 -1
-1.09 -1.33 -1
0.95 -1.85 -1
1.45 1.80 -1
-0.41 0.09 1
-1.25 0.38 1
0.51 -1.28 1
-1.32 0.26 1
-0.83 -0.32 1
-0.33 -1.04 1
0.28 -1.02 1
0.28 -0.09 1
0.31 -0.82 1
1.33 0.62 1
-0.59 0.54 1
-0.67 1.93 -1
-1.57 -1.11 -1
1.24 1.82 -1
-0.75 0.81 1
-1.62 -0.87 -1
1.53 0.83 -1
-0.98 0.79 1
1.83 0.67 -1
1.33 0.62 1
1.94 1.07 -1
0.04 -1.93 -1
0.68 0.15 1
0.98 0.10 1
-1.88 -1.11 -1
-0.76 1.76 -1
-0.54 -1.73 -1
-0.19 0.29 1
-1.82 -0.57 -1
-0.42 -1.72 -1
-1.22 1.97 -1
-1.26 -1.49 -1
-1.69 -0.59 -1
-0.00 -1.51 1
0.52 -1.90 -1
1.42 -0.12 1
1.70 -1.71 -1
1.23 1.67 -1
0.20 -0.31 1
-1.22 1.24 -1
1.09 -1.57 -1
-1.56 1.54 -1
-1.39 -1.82 -1
-0.62 -1.78 -1
0.68 -1.13 1
-1.01 -1.38 -1
1.27 -0.97 -1
0.28 0.56 1
-1.62 0.10 -1
0.34 1.12 1
-1.07 -1.66 -1
-1.94 -1.91 -1
-1.76 -1.62 -1
0.28 0.83 1
-0.39 -0.20 1
0.58 0.53 1
-0.03 1.24 1
0.66 -0.13 1
-0.35 -0.27 1
1.14 -0.55 1
1.46 0.45 1
-1.29 1.15 -1
1.89 1.52 -1
1.78 1.58 -1
-0.83 0.26 1
1.10 0.18 1
-1.31 1.12 -1
1.16 -0.20 1
0.25 -0.91 1
0.92 1.01 1
1.95 -1.03 -1
-0.11 1.08 1
1.35 0.53 1
-1.33 0.23 1
-0.38 -1.87 -1